$ANSIBLE_VAULT;1.1;AES256
63616164393766386632393939646638666666346163356638313861633635626330386332316633
6264326366653132383366643462386564303035383261350a366363633738306163633166313038
35623463396164616562613136323631383736366632323463363961303335616564646533323564
6137323635306563640a646461656262346636363163613763363831323364376635623037333636
38383432663137313032663837633432646661386538623239363337343734666331363063313032
35323766656531356436386631343030363939386662306338393437366463346165653432343131
65636365376134646565313831663733663764336565373837366532326531343131383238313336
37623961316263653333616337623736663236393834653338323935383961323939616638333132
32653031386366343036653064353633376662656438353437646366313963326465396437346131
34613865343664303635666239323664313933653762366662373337313239633439343664353164
34666639653738626339356231613866343963643039383734343639613038366262386238666165
32393262373764326263646464653135313765306362323138373138626337363835376130313332
38616639333464643865363731376465326133663966313362326139636338363339393637393937
62656432383937623939373437636538353063616463383165386335333361316539333363316464
36373035383662623364643865333063323564333663343830653431613966373835353736366234
32356363666432313466666431653661616232646630353066386232306236313964306134393738
31333062353838323434663731666361666233333831396232643239333332303562343533636337
32323934353839633937383733353732613530386636626261616636303461373533633436313330
61303464303936613161613830623232663633396639356233373262616535316239363434393561
62323430666438396334376563656130326264653561643833626133653164643130633031623366
31323566333831356665313962396636313338303062353333653134643638343662646366393363
33343130613432373361653062356162396238306661323433656266316262336632366562346361
30613163353735616433353832656365373237356463373863373938646436333235333832663765
39646666343863646236376234303763643165373633656461653361396564323935646132636231
32633161383462336664326335343436373562383638396161376137616363653532656666306265
39633537613831643865336337316430353062343763366466633961633236643562636438376461
63356338373263653139366334663463386366393338333132363365623533626633303865373037
39626335303137356663353963646431343932323534643236313031353539373836316665303638
37373531336235643837313938363266396361393364316666303461303431303763383463363963
31363336373433383336623536376135313264623434663364346634396137336166643831393734
35353364646234346539366164333463306238636366656466333031323236373066326634326335
31623964336365306237303030336562396539313732663161313637303337323333313038663236
36646532353031656131333630653038386337386539373936653131363435623432643162666565
37636635643639653937363863333661343633313134623361326465386336396534336633613962
31313835323739333635653431623839306534363265336532346338343664623434343632623238
36326130613163666631363334656562653664613364373137653231376136386362613933613262
35643533633461373561633464396634313930313161363633373833386139343364303130373138
37643635343734383430353935666631353832643162633664326630393138363930636433316662
36373832373564663235373231653535343530356431636533633866663134636262313462326363
38616565363330326464333662633661353233396532346137326661663734666164376238336665
63623166616564366563373965323436663964663431306564396262643965616337336264396634
37316336343930636361366535336665666635623637376432663732633764653433366661313962
39393735313334363261343764363738346634366633646433623337316364633563663766386637
38373132626534313166323333643562666137626361653830633766336235333730613330313335
32323533386338383635613365383566656464653835653363326262653763316235623933353562
37613962326236366461366637346239333361313433366662333334653331613762353661363138
36643034376430376339363733366631643532376465393337643264633031393864323761353339
35383335656361633938666365633761396664613364653933366130653861646636613762643436
31363534666666633839646465616462393065653831643530336531666332656636353334366537
31633037313632633930636430616436363262393166376433306662363337663265326233623963
31623238303934636463336661653835343932616466656338386431623533623861383661306263
34353163616232313230373632383431343638623064326237393233386636336239376361616333
61336166663336323231666534363739663638653565646637653235393732393862633438336564
37333663343335363861373763303738356663663331633163313363633966366661616233313862
38306337376265353833303634626161363637316531336661666464636135393166303035323162
34343864646261373730666637386662333631346639376464613665326436616433366165633965
35656165613232363561663136333535333638313862386465343431626435653431313934626164
62663339346232636133333930343334346339646333626237663264643838366461323531346532
65366330623031373532643262383164663337633530633734616136633631663865626565363539
37626235343461616566626535383162363161363032346430323531343364363639323663356638
33376262646462623638653166376338376661626365633163666437626262303838346235323838
33346362373665396263313463663037363234386566373236663232306639366432366664376165
30333736356466623735663062386661383661643963656430396634376332323862393834356661
39646438613661643064316634363139636665333937656262386532353338333963633134373836
35356566313835626663346166376365616235333639383336303133623138663563353632336638
33376230393039306230363738376633633731653638303563366635653064306162666233363637
63653263353937613331376132336339323231306462623639613437653432333064323138623837
32626561363961393963363766383838343536333130353863316164623132616231373066363739
65393536636232663938313331316463353166333035623530353936373335383137376365383535
34343031653665353333646331373361656162636434613337346231623436336230353065656539
38643737386165636439303161653666353630626662376365633839306330323364386531343038
63616463613832313033343437663436663636383732663331313230666433333530323163633438
36353030343763393036343930646561356566643565383137383733613531653030356566366333
62643964626633343932313232656164336432653630376636373337336565346161643939396139
61303936613861373739363965316331356466356336323135323833383333373439303430346663
36343164616638306632323932313539666635626261396130383032343062633263633164393461
38363830323835316337633537306565343865623962343237376463346161356465393331643739
36353030656139663938636364646663336166373866376262306336353830643537356131663930
38636134396663633939383636336437303664383462373662653063393839653961663661663863
63386134373039336336366664343830373263633366383633636661313432336362316532316365
64636361656663333862306638333435336339646535373338323965623631323338336262653863
34663638336661336636373731633836646331663563353339643531343138393435656130386132
63623330373766633865633865386363333031636564376663366639636638653736333130613335
38633436623239353634646333636134323333303838366137373635633836626236376234613731
33623066663437626466633734633661636261653234323064613439616338353963393938653664
62336564333966353962613264623862386237346338653034656361393530643531326336396133
65623262626462393561366165636664656635663435323037316663316634663538623762353361
30353130373466616161363030356166653231373462643432313339616131613165356637306464
63346235613937353037616266653662326432376466623733653666303838343236616238356361
39616166653361633036373333653833343266396162353934303266363661323539323466353434
34653762616533613832326162353861633038393864616230653634393836623539663030646439
62323131346631623862653031653436373337633839333935663065373336663563396232626538
30653564626166346366626134633432383663626532333261316136316231393834376365336261
66393533316264653264323864653366633664316635613934613833653563623933396266373538
30303837636338353234326230363539326662613331376264623736653736623932303037643130
62373839666639373532303634383263356238323464643666363562653331633538326436306565
65356633643637653430373065636331343161303036626332653961326262373465336435613937
38623639363932373733306539616264383563306530353565386361633063663164346635396433
36333662663631303531623933363638316566663863383336616662653632363733356238326138
34316630313765323931393931376664393933303436356637376366306537323437316135353833
32643131383362623231613362336638663936626663306239393465326438616366363630663635
64326337623331356565623339386265363634383231633164383433623632656665323338313336
66663064663564376632373236656136326432313931363063343166666136356464353031393032
65313533326264343635623833313561626138336139343637623432326431313763623236363537
39353164633736346235666433326339613436353830326330313132663432633339383332633336
63613336313163306661383032646266316130376665373035383836643762613964653165626335
62636666373431626330626539343134396662386665313963623866303466633663373235383133
62373139393935653837333861323231616566646634666537623336366236663932653637656435
30326165666537383432356365373461303134623431356439306530643936353336653732346336
37336634333236346465366264326336323436363063616437366632333961306366376532376331
30656138333563653462353264633163613333356433323364396631303866653432646261326666
30313339633435353438633265373262666362653035636531626465653133343230393232643465
34333037343865653938633765346136396331646532623335633261303663353864333837666361
38373064316133663766663235353432356462346566653866626233333666376238383737333836
37633736643766313164663963666539386434636132383361373132376266323761353036323030
33346464376530366537643838653634383566383230343966363966316264653939363533303530
37383132626663383664356435383666623436303934333839343430333664626365363031383838
30363562633866613736323861626636326333616534623664373239623737346661313534653238
32316664383565656437363432326261396335373738373466303563396431636536626635653162
37306332353331646565623232646333663038393639303036666665306363373530363635633831
34646334346432613133616439633831663862383163346161366565316230373631393534306538
33626130626434356137386164616138356263653130306663343039386461366636663065373631
62396130346134656266363862316130636533636636303461396239646633666131346538303466
36393861336165393365376237306537626165636665376632396462343365396465346262646331
61326462343530623362643062366261393136353534336531646438356632336135633132623763
33373566393233646538623138303237336361393634643163636230343035383032666533663661
65343363346231323665316366336465656134633735623364396539626362656230373266316533
65646532393438623735623133636433666664633565373363396161656132353062346565613439
37383934323638303432653934383136323033366139366335333138643362643365626237643033
33313761323966323236383430656664643138643566366532383330643030353135663164646238
65656333303739373764623866363335303931316131336438343536663938333466333461643431
31376164346438323436656564393765313363363631396235313330613262613338363634306665
62663564623363346335346232373838646638333861376264353135633634363762353066306466
38633139323633653266363231653835313731326431613461383238643165383363633233663366
316539373435383263616635383866303936
